v -0.277778 -0.277778 0.277778
v 0.277778 -0.277778 0.277778
v -0.277778 0.277778 0.277778
v 0.277778 0.277778 0.277778
v -0.277778 0.277778 -0.277778
v 0.277778 0.277778 -0.277778
v -0.277778 -0.277778 -0.277778
v 0.277778 -0.277778 -0.277778
v 0 0 0.5
v 0 0.5 0
v 0 0 -0.5
v 0 -0.5 0
v 0.5 0 0
v -0.5 0 0
v 0 -0.375 0.375
v 0.375 0 0.375
v 0 0.375 0.375
v -0.375 0 0.375
v 0.375 0.375 0
v 0 0.375 -0.375
v -0.375 0.375 0
v 0.375 0 -0.375
v 0 -0.375 -0.375
v -0.375 0 -0.375
v 0.375 -0.375 0
v -0.375 -0.375 0
f 1 15 9 18 
f 15 2 16 9 
f 9 16 4 17 
f 18 9 17 3 
f 3 17 10 21 
f 17 4 19 10 
f 10 19 6 20 
f 21 10 20 5 
f 5 20 11 24 
f 20 6 22 11 
f 11 22 8 23 
f 24 11 23 7 
f 7 23 12 26 
f 23 8 25 12 
f 12 25 2 15 
f 26 12 15 1 
f 2 25 13 16 
f 25 8 22 13 
f 13 22 6 19 
f 16 13 19 4 
f 7 26 14 24 
f 26 1 18 14 
f 14 18 3 21 
f 24 14 21 5 
