v -0.25463 -0.25463 0.25463
v 0.25463 -0.25463 0.25463
v -0.25463 0.25463 0.25463
v 0.25463 0.25463 0.25463
v -0.25463 0.25463 -0.25463
v 0.25463 0.25463 -0.25463
v -0.25463 -0.25463 -0.25463
v 0.25463 -0.25463 -0.25463
v 0 0 0.439236
v 0 0.439236 0
v 0 0 -0.439236
v 0 -0.439236 0
v 0.439236 0 0
v -0.439236 0 0
v 0 -0.321615 0.321615
v 0.321615 0 0.321615
v 0 0.321615 0.321615
v -0.321615 0 0.321615
v 0.321615 0.321615 0
v 0 0.321615 -0.321615
v -0.321615 0.321615 0
v 0.321615 0 -0.321615
v 0 -0.321615 -0.321615
v -0.321615 0 -0.321615
v 0.321615 -0.321615 0
v -0.321615 -0.321615 0
v -0.163194 -0.163194 0.381944
v 0.163194 -0.163194 0.381944
v 0.163194 0.163194 0.381944
v -0.163194 0.163194 0.381944
v -0.163194 0.381944 0.163194
v 0.163194 0.381944 0.163194
v 0.163194 0.381944 -0.163194
v -0.163194 0.381944 -0.163194
v -0.163194 0.163194 -0.381944
v 0.163194 0.163194 -0.381944
v 0.163194 -0.163194 -0.381944
v -0.163194 -0.163194 -0.381944
v -0.163194 -0.381944 -0.163194
v 0.163194 -0.381944 -0.163194
v 0.163194 -0.381944 0.163194
v -0.163194 -0.381944 0.163194
v 0.381944 -0.163194 0.163194
v 0.381944 -0.163194 -0.163194
v 0.381944 0.163194 -0.163194
v 0.381944 0.163194 0.163194
v -0.381944 -0.163194 -0.163194
v -0.381944 -0.163194 0.163194
v -0.381944 0.163194 0.163194
v -0.381944 0.163194 -0.163194
v 0 -0.175347 0.409722
v 0.175347 0 0.409722
v 0 0.175347 0.409722
v -0.175347 0 0.409722
v 0 0.409722 0.175347
v 0.175347 0.409722 0
v 0 0.409722 -0.175347
v -0.175347 0.409722 0
v 0 0.175347 -0.409722
v 0.175347 0 -0.409722
v 0 -0.175347 -0.409722
v -0.175347 0 -0.409722
v 0 -0.409722 -0.175347
v 0.175347 -0.409722 0
v 0 -0.409722 0.175347
v -0.175347 -0.409722 0
v 0.409722 -0.175347 0
v 0.409722 0 -0.175347
v 0.409722 0.175347 0
v 0.409722 0 0.175347
v -0.409722 -0.175347 0
v -0.409722 0 0.175347
v -0.409722 0.175347 0
v -0.409722 0 -0.175347
v -0.151042 -0.299479 0.299479
v 0.151042 -0.299479 0.299479
v 0.299479 -0.151042 0.299479
v 0.299479 0.151042 0.299479
v 0.151042 0.299479 0.299479
v -0.151042 0.299479 0.299479
v -0.299479 0.151042 0.299479
v -0.299479 -0.151042 0.299479
v 0.299479 0.299479 0.151042
v 0.299479 0.299479 -0.151042
v 0.151042 0.299479 -0.299479
v -0.151042 0.299479 -0.299479
v -0.299479 0.299479 -0.151042
v -0.299479 0.299479 0.151042
v 0.299479 0.151042 -0.299479
v 0.299479 -0.151042 -0.299479
v 0.151042 -0.299479 -0.299479
v -0.151042 -0.299479 -0.299479
v -0.299479 -0.151042 -0.299479
v -0.299479 0.151042 -0.299479
v 0.299479 -0.299479 -0.151042
v 0.299479 -0.299479 0.151042
v -0.299479 -0.299479 0.151042
v -0.299479 -0.299479 -0.151042
f 1 75 27 82 
f 75 15 51 27 
f 27 51 9 54 
f 82 27 54 18 
f 15 76 28 51 
f 76 2 77 28 
f 28 77 16 52 
f 51 28 52 9 
f 9 52 29 53 
f 52 16 78 29 
f 29 78 4 79 
f 53 29 79 17 
f 18 54 30 81 
f 54 9 53 30 
f 30 53 17 80 
f 81 30 80 3 
f 3 80 31 88 
f 80 17 55 31 
f 31 55 10 58 
f 88 31 58 21 
f 17 79 32 55 
f 79 4 83 32 
f 32 83 19 56 
f 55 32 56 10 
f 10 56 33 57 
f 56 19 84 33 
f 33 84 6 85 
f 57 33 85 20 
f 21 58 34 87 
f 58 10 57 34 
f 34 57 20 86 
f 87 34 86 5 
f 5 86 35 94 
f 86 20 59 35 
f 35 59 11 62 
f 94 35 62 24 
f 20 85 36 59 
f 85 6 89 36 
f 36 89 22 60 
f 59 36 60 11 
f 11 60 37 61 
f 60 22 90 37 
f 37 90 8 91 
f 61 37 91 23 
f 24 62 38 93 
f 62 11 61 38 
f 38 61 23 92 
f 93 38 92 7 
f 7 92 39 98 
f 92 23 63 39 
f 39 63 12 66 
f 98 39 66 26 
f 23 91 40 63 
f 91 8 95 40 
f 40 95 25 64 
f 63 40 64 12 
f 12 64 41 65 
f 64 25 96 41 
f 41 96 2 76 
f 65 41 76 15 
f 26 66 42 97 
f 66 12 65 42 
f 42 65 15 75 
f 97 42 75 1 
f 2 96 43 77 
f 96 25 67 43 
f 43 67 13 70 
f 77 43 70 16 
f 25 95 44 67 
f 95 8 90 44 
f 44 90 22 68 
f 67 44 68 13 
f 13 68 45 69 
f 68 22 89 45 
f 45 89 6 84 
f 69 45 84 19 
f 16 70 46 78 
f 70 13 69 46 
f 46 69 19 83 
f 78 46 83 4 
f 7 98 47 93 
f 98 26 71 47 
f 47 71 14 74 
f 93 47 74 24 
f 26 97 48 71 
f 97 1 82 48 
f 48 82 18 72 
f 71 48 72 14 
f 14 72 49 73 
f 72 18 81 49 
f 49 81 3 88 
f 73 49 88 21 
f 24 74 50 94 
f 74 14 73 50 
f 50 73 21 87 
f 94 50 87 5 
